<?xml version="1.0" standalone="no"?>
<!DOCTYPE svg PUBLIC "-//W3C//DTD SVG 20010904//EN"
 "http://www.w3.org/TR/2001/REC-SVG-20010904/DTD/svg10.dtd">
<svg version="1.0" xmlns="http://www.w3.org/2000/svg"
 width="449.000000pt" height="482.000000pt" viewBox="0 0 449.000000 482.000000"
 preserveAspectRatio="xMidYMid meet">

<g transform="translate(0.000000,482.000000) scale(0.100000,-0.100000)"
fill="#000000" stroke="none">
<path d="M2572 3705 l3 -366 630 -364 630 -364 3 361 c1 199 -1 365 -5 369 -6
5 -755 438 -1256 726 -4 2 -6 -160 -5 -362z"/>
<path d="M0 2967 l0 -364 315 -182 c173 -99 317 -181 320 -181 3 0 5 163 5
363 l0 362 -273 157 c-149 86 -293 169 -319 183 l-48 27 0 -365z"/>
<path d="M1603 2777 l-313 -180 0 -1111 1 -1111 305 -175 c167 -96 309 -177
314 -178 7 -2 10 258 10 732 0 405 2 736 4 736 2 0 145 -81 316 -180 171 -99
314 -180 316 -180 2 0 4 163 4 363 l0 362 -320 185 -320 185 -2 366 -3 367
-312 -181z"/>
</g>
</svg>
